
Test3
+
0 1 2 3 4 
1 0 1 0 0 
2 0 0 2 0 
3 0 0 0 3 
4 0 0 0 0 
+
174 321
316 214
420 114
517 42
/
Test1
+
0 1 2 3 4 
1 0 1 0 0 
2 0 0 2 0 
3 0 0 0 3 
4 0 0 0 0 
+
174 321
316 214
420 114
517 42
/
Ex1
+
0 1 2 3 4 5 
1 0 10 2 0 0 
2 0 0 0 0 10 
3 0 0 0 3 0 
4 0 0 0 0 4 
5 0 0 0 0 0 
+
101 285
251 139
256 358
401 354
486 206
/
Ex4x4
+
0 1 2 3 4 5 6 7 8 9 10 11 12 13 14 15 16 
1 0 8 0 0 4 0 0 0 0 0 0 0 0 0 0 0 
2 0 0 4 0 0 1 0 0 0 0 0 0 0 0 0 0 
3 0 0 0 2 0 0 4 0 0 0 0 0 0 0 0 0 
4 0 0 0 0 0 0 0 7 0 0 0 0 0 0 0 0 
5 0 0 0 0 0 1 0 0 6 0 0 0 0 0 0 0 
6 0 0 0 0 0 0 2 0 0 7 0 0 0 0 0 0 
7 0 0 0 0 0 0 0 5 0 0 6 0 0 0 0 0 
8 0 0 0 0 0 0 0 0 0 0 0 4 0 0 0 0 
9 0 0 0 0 0 0 0 0 0 4 0 0 2 0 0 0 
10 0 0 0 0 0 0 0 0 0 0 5 0 0 9 0 0 
11 0 0 0 0 0 0 0 0 0 0 0 7 0 0 5 0 
12 0 0 0 0 0 0 0 0 0 0 0 0 0 0 0 3 
13 0 0 0 0 0 0 0 0 0 0 0 0 0 1 0 0 
14 0 0 0 0 0 0 0 0 0 0 0 0 0 0 7 0 
15 0 0 0 0 0 0 0 0 0 0 0 0 0 0 0 8 
16 0 0 0 0 0 0 0 0 0 0 0 0 0 0 0 0 
+
109 128
255 128
385 123
538 121
96 240
255 237
384 235
540 233
94 356
253 356
383 356
540 348
90 470
254 473
386 475
544 474
/
Ex4x4Ext
+
0 1 2 3 4 5 6 7 8 9 10 11 12 13 14 15 16 
1 0 8 0 0 4 0 0 0 0 0 0 0 0 0 0 0 
2 0 0 4 0 0 1 0 0 0 0 0 0 0 0 0 0 
3 0 0 0 2 0 0 4 0 0 0 0 0 0 0 0 0 
4 0 0 0 0 0 0 0 7 0 0 0 0 0 0 0 0 
5 0 0 0 0 0 1 0 0 6 0 0 0 0 0 0 0 
6 4 0 0 0 0 0 2 0 0 7 0 0 0 0 0 0 
7 0 5 0 0 0 0 0 5 0 0 6 0 0 0 0 0 
8 0 0 1 0 0 0 0 0 0 0 0 4 0 0 0 0 
9 0 0 0 0 0 0 0 0 0 4 0 0 2 0 0 0 
10 0 0 0 0 2 0 0 0 0 0 5 0 0 9 0 0 
11 0 0 0 0 0 5 0 0 0 0 0 7 0 0 5 0 
12 0 0 0 0 0 0 8 0 0 0 0 0 0 0 0 3 
13 0 0 0 0 0 0 0 0 0 0 0 0 0 1 0 0 
14 0 0 0 0 0 0 0 0 1 0 0 0 0 0 7 0 
15 0 0 0 0 0 0 0 0 0 2 0 0 0 0 0 8 
16 0 0 0 0 0 0 0 0 0 0 9 0 0 0 0 0 
+
109 128
255 128
385 123
538 121
96 240
255 237
384 235
540 233
94 356
253 356
383 356
540 348
90 470
254 473
386 475
544 474
